   0.0000000e+00   0.0000000e+00
   9.9900000e-04   0.0000000e+00
   1.0000000e-03   0.0000000e+00
   1.9990000e-03   0.0000000e+00
   2.0000000e-03   0.0000000e+00
   2.9990000e-03   0.0000000e+00
   3.0000000e-03   0.0000000e+00
   3.9990000e-03   0.0000000e+00
   4.0000000e-03   0.0000000e+00
   4.9990000e-03   0.0000000e+00
   5.0000000e-03   0.0000000e+00
   5.9990000e-03   0.0000000e+00
   6.0000000e-03   0.0000000e+00
   6.9990000e-03   0.0000000e+00
   7.0000000e-03   0.0000000e+00
   7.9990000e-03   0.0000000e+00
   8.0000000e-03   0.0000000e+00
   8.9990000e-03   0.0000000e+00
   9.0000000e-03   0.0000000e+00
   9.9990000e-03   0.0000000e+00
   1.0000000e-02   0.0000000e+00
   1.0999000e-02   0.0000000e+00
   1.1000000e-02   0.0000000e+00
   1.1999000e-02   0.0000000e+00
   1.2000000e-02   0.0000000e+00
   1.2999000e-02   0.0000000e+00
   1.3000000e-02   0.0000000e+00
   1.3999000e-02   0.0000000e+00
   1.4000000e-02   0.0000000e+00
   1.4999000e-02   0.0000000e+00
   1.5000000e-02   0.0000000e+00
   1.5999000e-02   0.0000000e+00
   1.6000000e-02   0.0000000e+00
   1.6999000e-02   0.0000000e+00
   1.7000000e-02   0.0000000e+00
   1.7999000e-02   0.0000000e+00
   1.8000000e-02   0.0000000e+00
   1.8999000e-02   0.0000000e+00
   1.9000000e-02   0.0000000e+00
   1.9999000e-02   0.0000000e+00
   2.0000000e-02   0.0000000e+00
   2.0999000e-02   0.0000000e+00
   2.1000000e-02   0.0000000e+00
   2.1999000e-02   0.0000000e+00
   2.2000000e-02   0.0000000e+00
   2.2999000e-02   0.0000000e+00
   2.3000000e-02   0.0000000e+00
   2.3999000e-02   0.0000000e+00
   2.4000000e-02   0.0000000e+00
   2.4999000e-02   0.0000000e+00
   2.5000000e-02   0.0000000e+00
   2.5999000e-02   0.0000000e+00
   2.6000000e-02   0.0000000e+00
   2.6999000e-02   0.0000000e+00
   2.7000000e-02   0.0000000e+00
   2.7999000e-02   0.0000000e+00
   2.8000000e-02   0.0000000e+00
   2.8999000e-02   0.0000000e+00
   2.9000000e-02   0.0000000e+00
   2.9999000e-02   0.0000000e+00
   3.0000000e-02   0.0000000e+00
   3.0999000e-02   0.0000000e+00
   3.1000000e-02   0.0000000e+00
   3.1999000e-02   0.0000000e+00
   3.2000000e-02   1.0000000e+00
   3.2999000e-02   1.0000000e+00
   3.3000000e-02   1.0000000e+00
   3.3999000e-02   1.0000000e+00
   3.4000000e-02   1.0000000e+00
   3.4999000e-02   1.0000000e+00
   3.5000000e-02   1.0000000e+00
   3.5999000e-02   1.0000000e+00
   3.6000000e-02   1.0000000e+00
   3.6999000e-02   1.0000000e+00
   3.7000000e-02   1.0000000e+00
   3.7999000e-02   1.0000000e+00
   3.8000000e-02   1.0000000e+00
   3.8999000e-02   1.0000000e+00
   3.9000000e-02   1.0000000e+00
   3.9999000e-02   1.0000000e+00
   4.0000000e-02   1.0000000e+00
   4.0999000e-02   1.0000000e+00
   4.1000000e-02   1.0000000e+00
   4.1999000e-02   1.0000000e+00
   4.2000000e-02   1.0000000e+00
   4.2999000e-02   1.0000000e+00
   4.3000000e-02   1.0000000e+00
   4.3999000e-02   1.0000000e+00
   4.4000000e-02   1.0000000e+00
   4.4999000e-02   1.0000000e+00
   4.5000000e-02   1.0000000e+00
   4.5999000e-02   1.0000000e+00
   4.6000000e-02   1.0000000e+00
   4.6999000e-02   1.0000000e+00
   4.7000000e-02   1.0000000e+00
   4.7999000e-02   1.0000000e+00
   4.8000000e-02   1.0000000e+00
   4.8999000e-02   1.0000000e+00
   4.9000000e-02   1.0000000e+00
   4.9999000e-02   1.0000000e+00
   5.0000000e-02   1.0000000e+00
   5.0999000e-02   1.0000000e+00
   5.1000000e-02   1.0000000e+00
   5.1999000e-02   1.0000000e+00
   5.2000000e-02   1.0000000e+00
   5.2999000e-02   1.0000000e+00
   5.3000000e-02   1.0000000e+00
   5.3999000e-02   1.0000000e+00
   5.4000000e-02   1.0000000e+00
   5.4999000e-02   1.0000000e+00
   5.5000000e-02   1.0000000e+00
   5.5999000e-02   1.0000000e+00
   5.6000000e-02   1.0000000e+00
   5.6999000e-02   1.0000000e+00
   5.7000000e-02   1.0000000e+00
   5.7999000e-02   1.0000000e+00
   5.8000000e-02   1.0000000e+00
   5.8999000e-02   1.0000000e+00
   5.9000000e-02   1.0000000e+00
   5.9999000e-02   1.0000000e+00
   6.0000000e-02   1.0000000e+00
   6.0999000e-02   1.0000000e+00
   6.1000000e-02   1.0000000e+00
   6.1999000e-02   1.0000000e+00
   6.2000000e-02   1.0000000e+00
   6.2999000e-02   1.0000000e+00
   6.3000000e-02   1.0000000e+00
   6.3999000e-02   1.0000000e+00
   6.4000000e-02   0.0000000e+00
   6.4999000e-02   0.0000000e+00
   6.5000000e-02   0.0000000e+00
   6.5999000e-02   0.0000000e+00
   6.6000000e-02   0.0000000e+00
   6.6999000e-02   0.0000000e+00
   6.7000000e-02   0.0000000e+00
   6.7999000e-02   0.0000000e+00
   6.8000000e-02   0.0000000e+00
   6.8999000e-02   0.0000000e+00
   6.9000000e-02   0.0000000e+00
   6.9999000e-02   0.0000000e+00
   7.0000000e-02   0.0000000e+00
   7.0999000e-02   0.0000000e+00
   7.1000000e-02   0.0000000e+00
   7.1999000e-02   0.0000000e+00
   7.2000000e-02   0.0000000e+00
   7.2999000e-02   0.0000000e+00
   7.3000000e-02   0.0000000e+00
   7.3999000e-02   0.0000000e+00
   7.4000000e-02   0.0000000e+00
   7.4999000e-02   0.0000000e+00
   7.5000000e-02   0.0000000e+00
   7.5999000e-02   0.0000000e+00
   7.6000000e-02   0.0000000e+00
   7.6999000e-02   0.0000000e+00
   7.7000000e-02   0.0000000e+00
   7.7999000e-02   0.0000000e+00
   7.8000000e-02   0.0000000e+00
   7.8999000e-02   0.0000000e+00
   7.9000000e-02   0.0000000e+00
   7.9999000e-02   0.0000000e+00
   8.0000000e-02   0.0000000e+00
   8.0999000e-02   0.0000000e+00
   8.1000000e-02   0.0000000e+00
   8.1999000e-02   0.0000000e+00
   8.2000000e-02   0.0000000e+00
   8.2999000e-02   0.0000000e+00
   8.3000000e-02   0.0000000e+00
   8.3999000e-02   0.0000000e+00
   8.4000000e-02   0.0000000e+00
   8.4999000e-02   0.0000000e+00
   8.5000000e-02   0.0000000e+00
   8.5999000e-02   0.0000000e+00
   8.6000000e-02   0.0000000e+00
   8.6999000e-02   0.0000000e+00
   8.7000000e-02   0.0000000e+00
   8.7999000e-02   0.0000000e+00
   8.8000000e-02   0.0000000e+00
   8.8999000e-02   0.0000000e+00
   8.9000000e-02   0.0000000e+00
   8.9999000e-02   0.0000000e+00
   9.0000000e-02   0.0000000e+00
   9.0999000e-02   0.0000000e+00
   9.1000000e-02   0.0000000e+00
   9.1999000e-02   0.0000000e+00
   9.2000000e-02   0.0000000e+00
   9.2999000e-02   0.0000000e+00
   9.3000000e-02   0.0000000e+00
   9.3999000e-02   0.0000000e+00
   9.4000000e-02   0.0000000e+00
   9.4999000e-02   0.0000000e+00
   9.5000000e-02   0.0000000e+00
   9.5999000e-02   0.0000000e+00
   9.6000000e-02   1.0000000e+00
   9.6999000e-02   1.0000000e+00
   9.7000000e-02   1.0000000e+00
   9.7999000e-02   1.0000000e+00
   9.8000000e-02   1.0000000e+00
   9.8999000e-02   1.0000000e+00
   9.9000000e-02   1.0000000e+00
   9.9999000e-02   1.0000000e+00
   1.0000000e-01   1.0000000e+00
   1.0099900e-01   1.0000000e+00
   1.0100000e-01   1.0000000e+00
   1.0199900e-01   1.0000000e+00
   1.0200000e-01   1.0000000e+00
   1.0299900e-01   1.0000000e+00
   1.0300000e-01   1.0000000e+00
   1.0399900e-01   1.0000000e+00
   1.0400000e-01   1.0000000e+00
   1.0499900e-01   1.0000000e+00
   1.0500000e-01   1.0000000e+00
   1.0599900e-01   1.0000000e+00
   1.0600000e-01   1.0000000e+00
   1.0699900e-01   1.0000000e+00
   1.0700000e-01   1.0000000e+00
   1.0799900e-01   1.0000000e+00
   1.0800000e-01   1.0000000e+00
   1.0899900e-01   1.0000000e+00
   1.0900000e-01   1.0000000e+00
   1.0999900e-01   1.0000000e+00
   1.1000000e-01   1.0000000e+00
   1.1099900e-01   1.0000000e+00
   1.1100000e-01   1.0000000e+00
   1.1199900e-01   1.0000000e+00
   1.1200000e-01   1.0000000e+00
   1.1299900e-01   1.0000000e+00
   1.1300000e-01   1.0000000e+00
   1.1399900e-01   1.0000000e+00
   1.1400000e-01   1.0000000e+00
   1.1499900e-01   1.0000000e+00
   1.1500000e-01   1.0000000e+00
   1.1599900e-01   1.0000000e+00
   1.1600000e-01   1.0000000e+00
   1.1699900e-01   1.0000000e+00
   1.1700000e-01   1.0000000e+00
   1.1799900e-01   1.0000000e+00
   1.1800000e-01   1.0000000e+00
   1.1899900e-01   1.0000000e+00
   1.1900000e-01   1.0000000e+00
   1.1999900e-01   1.0000000e+00
   1.2000000e-01   1.0000000e+00
   1.2099900e-01   1.0000000e+00
   1.2100000e-01   1.0000000e+00
   1.2199900e-01   1.0000000e+00
   1.2200000e-01   1.0000000e+00
   1.2299900e-01   1.0000000e+00
   1.2300000e-01   1.0000000e+00
   1.2399900e-01   1.0000000e+00
   1.2400000e-01   1.0000000e+00
   1.2499900e-01   1.0000000e+00
   1.2500000e-01   1.0000000e+00
   1.2599900e-01   1.0000000e+00
   1.2600000e-01   1.0000000e+00
   1.2699900e-01   1.0000000e+00
   1.2700000e-01   1.0000000e+00
   1.2799900e-01   1.0000000e+00
   1.2800000e-01   0.0000000e+00
   1.2899900e-01   0.0000000e+00
   1.2900000e-01   0.0000000e+00
   1.2999900e-01   0.0000000e+00
   1.3000000e-01   0.0000000e+00
   1.3099900e-01   0.0000000e+00
   1.3100000e-01   0.0000000e+00
   1.3199900e-01   0.0000000e+00
   1.3200000e-01   0.0000000e+00
   1.3299900e-01   0.0000000e+00
   1.3300000e-01   0.0000000e+00
   1.3399900e-01   0.0000000e+00
   1.3400000e-01   0.0000000e+00
   1.3499900e-01   0.0000000e+00
   1.3500000e-01   0.0000000e+00
   1.3599900e-01   0.0000000e+00
   1.3600000e-01   0.0000000e+00
   1.3699900e-01   0.0000000e+00
   1.3700000e-01   0.0000000e+00
   1.3799900e-01   0.0000000e+00
   1.3800000e-01   0.0000000e+00
   1.3899900e-01   0.0000000e+00
   1.3900000e-01   0.0000000e+00
   1.3999900e-01   0.0000000e+00
   1.4000000e-01   0.0000000e+00
   1.4099900e-01   0.0000000e+00
   1.4100000e-01   0.0000000e+00
   1.4199900e-01   0.0000000e+00
   1.4200000e-01   0.0000000e+00
   1.4299900e-01   0.0000000e+00
   1.4300000e-01   0.0000000e+00
   1.4399900e-01   0.0000000e+00
   1.4400000e-01   0.0000000e+00
   1.4499900e-01   0.0000000e+00
   1.4500000e-01   0.0000000e+00
   1.4599900e-01   0.0000000e+00
   1.4600000e-01   0.0000000e+00
   1.4699900e-01   0.0000000e+00
   1.4700000e-01   0.0000000e+00
   1.4799900e-01   0.0000000e+00
   1.4800000e-01   0.0000000e+00
   1.4899900e-01   0.0000000e+00
   1.4900000e-01   0.0000000e+00
   1.4999900e-01   0.0000000e+00
   1.5000000e-01   0.0000000e+00
   1.5099900e-01   0.0000000e+00
   1.5100000e-01   0.0000000e+00
   1.5199900e-01   0.0000000e+00
   1.5200000e-01   0.0000000e+00
   1.5299900e-01   0.0000000e+00
   1.5300000e-01   0.0000000e+00
   1.5399900e-01   0.0000000e+00
   1.5400000e-01   0.0000000e+00
   1.5499900e-01   0.0000000e+00
   1.5500000e-01   0.0000000e+00
   1.5599900e-01   0.0000000e+00
   1.5600000e-01   0.0000000e+00
   1.5699900e-01   0.0000000e+00
   1.5700000e-01   0.0000000e+00
   1.5799900e-01   0.0000000e+00
   1.5800000e-01   0.0000000e+00
   1.5899900e-01   0.0000000e+00
   1.5900000e-01   0.0000000e+00
   1.5999900e-01   0.0000000e+00
   1.6000000e-01   1.0000000e+00
   1.6099900e-01   1.0000000e+00
   1.6100000e-01   1.0000000e+00
   1.6199900e-01   1.0000000e+00
   1.6200000e-01   1.0000000e+00
   1.6299900e-01   1.0000000e+00
   1.6300000e-01   1.0000000e+00
   1.6399900e-01   1.0000000e+00
   1.6400000e-01   1.0000000e+00
   1.6499900e-01   1.0000000e+00
   1.6500000e-01   1.0000000e+00
   1.6599900e-01   1.0000000e+00
   1.6600000e-01   1.0000000e+00
   1.6699900e-01   1.0000000e+00
   1.6700000e-01   1.0000000e+00
   1.6799900e-01   1.0000000e+00
   1.6800000e-01   1.0000000e+00
   1.6899900e-01   1.0000000e+00
   1.6900000e-01   1.0000000e+00
   1.6999900e-01   1.0000000e+00
   1.7000000e-01   1.0000000e+00
   1.7099900e-01   1.0000000e+00
   1.7100000e-01   1.0000000e+00
   1.7199900e-01   1.0000000e+00
   1.7200000e-01   1.0000000e+00
   1.7299900e-01   1.0000000e+00
   1.7300000e-01   1.0000000e+00
   1.7399900e-01   1.0000000e+00
   1.7400000e-01   1.0000000e+00
   1.7499900e-01   1.0000000e+00
   1.7500000e-01   1.0000000e+00
   1.7599900e-01   1.0000000e+00
   1.7600000e-01   1.0000000e+00
   1.7699900e-01   1.0000000e+00
   1.7700000e-01   1.0000000e+00
   1.7799900e-01   1.0000000e+00
   1.7800000e-01   1.0000000e+00
   1.7899900e-01   1.0000000e+00
   1.7900000e-01   1.0000000e+00
   1.7999900e-01   1.0000000e+00
   1.8000000e-01   1.0000000e+00
   1.8099900e-01   1.0000000e+00
   1.8100000e-01   1.0000000e+00
   1.8199900e-01   1.0000000e+00
   1.8200000e-01   1.0000000e+00
   1.8299900e-01   1.0000000e+00
   1.8300000e-01   1.0000000e+00
   1.8399900e-01   1.0000000e+00
   1.8400000e-01   1.0000000e+00
   1.8499900e-01   1.0000000e+00
   1.8500000e-01   1.0000000e+00
   1.8599900e-01   1.0000000e+00
   1.8600000e-01   1.0000000e+00
   1.8699900e-01   1.0000000e+00
   1.8700000e-01   1.0000000e+00
   1.8799900e-01   1.0000000e+00
   1.8800000e-01   1.0000000e+00
   1.8899900e-01   1.0000000e+00
   1.8900000e-01   1.0000000e+00
   1.8999900e-01   1.0000000e+00
   1.9000000e-01   1.0000000e+00
   1.9099900e-01   1.0000000e+00
   1.9100000e-01   1.0000000e+00
   1.9199900e-01   1.0000000e+00
   1.9200000e-01   0.0000000e+00
   1.9299900e-01   0.0000000e+00
   1.9300000e-01   0.0000000e+00
   1.9399900e-01   0.0000000e+00
   1.9400000e-01   0.0000000e+00
   1.9499900e-01   0.0000000e+00
   1.9500000e-01   0.0000000e+00
   1.9599900e-01   0.0000000e+00
   1.9600000e-01   0.0000000e+00
   1.9699900e-01   0.0000000e+00
   1.9700000e-01   0.0000000e+00
   1.9799900e-01   0.0000000e+00
   1.9800000e-01   0.0000000e+00
   1.9899900e-01   0.0000000e+00
   1.9900000e-01   0.0000000e+00
   1.9999900e-01   0.0000000e+00
   2.0000000e-01   0.0000000e+00
   2.0099900e-01   0.0000000e+00
   2.0100000e-01   0.0000000e+00
   2.0199900e-01   0.0000000e+00
   2.0200000e-01   0.0000000e+00
   2.0299900e-01   0.0000000e+00
   2.0300000e-01   0.0000000e+00
   2.0399900e-01   0.0000000e+00
   2.0400000e-01   0.0000000e+00
   2.0499900e-01   0.0000000e+00
   2.0500000e-01   0.0000000e+00
   2.0599900e-01   0.0000000e+00
   2.0600000e-01   0.0000000e+00
   2.0699900e-01   0.0000000e+00
   2.0700000e-01   0.0000000e+00
   2.0799900e-01   0.0000000e+00
   2.0800000e-01   0.0000000e+00
   2.0899900e-01   0.0000000e+00
   2.0900000e-01   0.0000000e+00
   2.0999900e-01   0.0000000e+00
   2.1000000e-01   0.0000000e+00
   2.1099900e-01   0.0000000e+00
   2.1100000e-01   0.0000000e+00
   2.1199900e-01   0.0000000e+00
   2.1200000e-01   0.0000000e+00
   2.1299900e-01   0.0000000e+00
   2.1300000e-01   0.0000000e+00
   2.1399900e-01   0.0000000e+00
   2.1400000e-01   0.0000000e+00
   2.1499900e-01   0.0000000e+00
   2.1500000e-01   0.0000000e+00
   2.1599900e-01   0.0000000e+00
   2.1600000e-01   0.0000000e+00
   2.1699900e-01   0.0000000e+00
   2.1700000e-01   0.0000000e+00
   2.1799900e-01   0.0000000e+00
   2.1800000e-01   0.0000000e+00
   2.1899900e-01   0.0000000e+00
   2.1900000e-01   0.0000000e+00
   2.1999900e-01   0.0000000e+00
   2.2000000e-01   0.0000000e+00
   2.2099900e-01   0.0000000e+00
   2.2100000e-01   0.0000000e+00
   2.2199900e-01   0.0000000e+00
   2.2200000e-01   0.0000000e+00
   2.2299900e-01   0.0000000e+00
   2.2300000e-01   0.0000000e+00
   2.2399900e-01   0.0000000e+00
   2.2400000e-01   1.0000000e+00
   2.2499900e-01   1.0000000e+00
   2.2500000e-01   1.0000000e+00
   2.2599900e-01   1.0000000e+00
   2.2600000e-01   1.0000000e+00
   2.2699900e-01   1.0000000e+00
   2.2700000e-01   1.0000000e+00
   2.2799900e-01   1.0000000e+00
   2.2800000e-01   1.0000000e+00
   2.2899900e-01   1.0000000e+00
   2.2900000e-01   1.0000000e+00
   2.2999900e-01   1.0000000e+00
   2.3000000e-01   1.0000000e+00
   2.3099900e-01   1.0000000e+00
   2.3100000e-01   1.0000000e+00
   2.3199900e-01   1.0000000e+00
   2.3200000e-01   1.0000000e+00
   2.3299900e-01   1.0000000e+00
   2.3300000e-01   1.0000000e+00
   2.3399900e-01   1.0000000e+00
   2.3400000e-01   1.0000000e+00
   2.3499900e-01   1.0000000e+00
   2.3500000e-01   1.0000000e+00
   2.3599900e-01   1.0000000e+00
   2.3600000e-01   1.0000000e+00
   2.3699900e-01   1.0000000e+00
   2.3700000e-01   1.0000000e+00
   2.3799900e-01   1.0000000e+00
   2.3800000e-01   1.0000000e+00
   2.3899900e-01   1.0000000e+00
   2.3900000e-01   1.0000000e+00
   2.3999900e-01   1.0000000e+00
   2.4000000e-01   1.0000000e+00
   2.4099900e-01   1.0000000e+00
   2.4100000e-01   1.0000000e+00
   2.4199900e-01   1.0000000e+00
   2.4200000e-01   1.0000000e+00
   2.4299900e-01   1.0000000e+00
   2.4300000e-01   1.0000000e+00
   2.4399900e-01   1.0000000e+00
   2.4400000e-01   1.0000000e+00
   2.4499900e-01   1.0000000e+00
   2.4500000e-01   1.0000000e+00
   2.4599900e-01   1.0000000e+00
   2.4600000e-01   1.0000000e+00
   2.4699900e-01   1.0000000e+00
   2.4700000e-01   1.0000000e+00
   2.4799900e-01   1.0000000e+00
   2.4800000e-01   1.0000000e+00
   2.4899900e-01   1.0000000e+00
   2.4900000e-01   1.0000000e+00
   2.4999900e-01   1.0000000e+00
   2.5000000e-01   1.0000000e+00
   2.5099900e-01   1.0000000e+00
   2.5100000e-01   1.0000000e+00
   2.5199900e-01   1.0000000e+00
   2.5200000e-01   1.0000000e+00
   2.5299900e-01   1.0000000e+00
   2.5300000e-01   1.0000000e+00
   2.5399900e-01   1.0000000e+00
   2.5400000e-01   1.0000000e+00
   2.5499900e-01   1.0000000e+00
   2.5500000e-01   1.0000000e+00
   2.5600000e-01   0.0000000e+00
   2.5699900e-01   0.0000000e+00
   2.5700000e-01   0.0000000e+00
   2.5799900e-01   0.0000000e+00
   2.5800000e-01   0.0000000e+00
   2.5899900e-01   0.0000000e+00
   2.5900000e-01   0.0000000e+00
   2.5999900e-01   0.0000000e+00
   2.6000000e-01   0.0000000e+00
   2.6099900e-01   0.0000000e+00
   2.6100000e-01   0.0000000e+00
   2.6199900e-01   0.0000000e+00
   2.6200000e-01   0.0000000e+00
   2.6299900e-01   0.0000000e+00
   2.6300000e-01   0.0000000e+00
   2.6399900e-01   0.0000000e+00
   2.6400000e-01   0.0000000e+00
   2.6499900e-01   0.0000000e+00
   2.6500000e-01   0.0000000e+00
   2.6599900e-01   0.0000000e+00
   2.6600000e-01   0.0000000e+00
   2.6699900e-01   0.0000000e+00
   2.6700000e-01   0.0000000e+00
   2.6799900e-01   0.0000000e+00
   2.6800000e-01   0.0000000e+00
   2.6899900e-01   0.0000000e+00
   2.6900000e-01   0.0000000e+00
   2.6999900e-01   0.0000000e+00
   2.7000000e-01   0.0000000e+00
   2.7099900e-01   0.0000000e+00
   2.7100000e-01   0.0000000e+00
   2.7199900e-01   0.0000000e+00
   2.7200000e-01   0.0000000e+00
   2.7299900e-01   0.0000000e+00
   2.7300000e-01   0.0000000e+00
   2.7399900e-01   0.0000000e+00
   2.7400000e-01   0.0000000e+00
   2.7499900e-01   0.0000000e+00
   2.7500000e-01   0.0000000e+00
   2.7599900e-01   0.0000000e+00
   2.7600000e-01   0.0000000e+00
   2.7699900e-01   0.0000000e+00
   2.7700000e-01   0.0000000e+00
   2.7799900e-01   0.0000000e+00
   2.7800000e-01   0.0000000e+00
   2.7899900e-01   0.0000000e+00
   2.7900000e-01   0.0000000e+00
   2.7999900e-01   0.0000000e+00
   2.8000000e-01   0.0000000e+00
   2.8099900e-01   0.0000000e+00
   2.8100000e-01   0.0000000e+00
   2.8199900e-01   0.0000000e+00
   2.8200000e-01   0.0000000e+00
   2.8299900e-01   0.0000000e+00
   2.8300000e-01   0.0000000e+00
   2.8399900e-01   0.0000000e+00
   2.8400000e-01   0.0000000e+00
   2.8499900e-01   0.0000000e+00
   2.8500000e-01   0.0000000e+00
   2.8599900e-01   0.0000000e+00
   2.8600000e-01   0.0000000e+00
   2.8699900e-01   0.0000000e+00
   2.8700000e-01   0.0000000e+00
   2.8799900e-01   0.0000000e+00
   2.8800000e-01   1.0000000e+00
   2.8899900e-01   1.0000000e+00
   2.8900000e-01   1.0000000e+00
   2.8999900e-01   1.0000000e+00
   2.9000000e-01   1.0000000e+00
   2.9099900e-01   1.0000000e+00
   2.9100000e-01   1.0000000e+00
   2.9199900e-01   1.0000000e+00
   2.9200000e-01   1.0000000e+00
   2.9299900e-01   1.0000000e+00
   2.9300000e-01   1.0000000e+00
   2.9399900e-01   1.0000000e+00
   2.9400000e-01   1.0000000e+00
   2.9499900e-01   1.0000000e+00
   2.9500000e-01   1.0000000e+00
   2.9599900e-01   1.0000000e+00
   2.9600000e-01   1.0000000e+00
   2.9699900e-01   1.0000000e+00
   2.9700000e-01   1.0000000e+00
   2.9799900e-01   1.0000000e+00
   2.9800000e-01   1.0000000e+00
   2.9899900e-01   1.0000000e+00
   2.9900000e-01   1.0000000e+00
   2.9999900e-01   1.0000000e+00
   3.0000000e-01   1.0000000e+00
   3.0099900e-01   1.0000000e+00
   3.0100000e-01   1.0000000e+00
   3.0199900e-01   1.0000000e+00
   3.0200000e-01   1.0000000e+00
   3.0299900e-01   1.0000000e+00
   3.0300000e-01   1.0000000e+00
   3.0399900e-01   1.0000000e+00
   3.0400000e-01   1.0000000e+00
   3.0499900e-01   1.0000000e+00
   3.0500000e-01   1.0000000e+00
   3.0599900e-01   1.0000000e+00
   3.0600000e-01   1.0000000e+00
   3.0699900e-01   1.0000000e+00
   3.0700000e-01   1.0000000e+00
   3.0799900e-01   1.0000000e+00
   3.0800000e-01   1.0000000e+00
   3.0899900e-01   1.0000000e+00
   3.0900000e-01   1.0000000e+00
   3.0999900e-01   1.0000000e+00
   3.1000000e-01   1.0000000e+00
   3.1099900e-01   1.0000000e+00
   3.1100000e-01   1.0000000e+00
   3.1199900e-01   1.0000000e+00
   3.1200000e-01   1.0000000e+00
   3.1299900e-01   1.0000000e+00
   3.1300000e-01   1.0000000e+00
   3.1399900e-01   1.0000000e+00
   3.1400000e-01   1.0000000e+00
   3.1499900e-01   1.0000000e+00
   3.1500000e-01   1.0000000e+00
   3.1599900e-01   1.0000000e+00
   3.1600000e-01   1.0000000e+00
   3.1699900e-01   1.0000000e+00
   3.1700000e-01   1.0000000e+00
   3.1799900e-01   1.0000000e+00
   3.1800000e-01   1.0000000e+00
   3.1899900e-01   1.0000000e+00
   3.1900000e-01   1.0000000e+00
   3.1999900e-01   1.0000000e+00
   3.2000000e-01   0.0000000e+00
   3.2099900e-01   0.0000000e+00
   3.2100000e-01   0.0000000e+00
   3.2199900e-01   0.0000000e+00
   3.2200000e-01   0.0000000e+00
   3.2299900e-01   0.0000000e+00
   3.2300000e-01   0.0000000e+00
   3.2399900e-01   0.0000000e+00
   3.2400000e-01   0.0000000e+00
   3.2499900e-01   0.0000000e+00
   3.2500000e-01   0.0000000e+00
   3.2599900e-01   0.0000000e+00
   3.2600000e-01   0.0000000e+00
   3.2699900e-01   0.0000000e+00
   3.2700000e-01   0.0000000e+00
   3.2799900e-01   0.0000000e+00
   3.2800000e-01   0.0000000e+00
   3.2899900e-01   0.0000000e+00
   3.2900000e-01   0.0000000e+00
   3.2999900e-01   0.0000000e+00
   3.3000000e-01   0.0000000e+00
   3.3099900e-01   0.0000000e+00
   3.3100000e-01   0.0000000e+00
   3.3199900e-01   0.0000000e+00
   3.3200000e-01   0.0000000e+00
   3.3299900e-01   0.0000000e+00
   3.3300000e-01   0.0000000e+00
   3.3399900e-01   0.0000000e+00
   3.3400000e-01   0.0000000e+00
   3.3499900e-01   0.0000000e+00
   3.3500000e-01   0.0000000e+00
   3.3599900e-01   0.0000000e+00
   3.3600000e-01   0.0000000e+00
   3.3699900e-01   0.0000000e+00
   3.3700000e-01   0.0000000e+00
   3.3799900e-01   0.0000000e+00
   3.3800000e-01   0.0000000e+00
   3.3899900e-01   0.0000000e+00
   3.3900000e-01   0.0000000e+00
   3.3999900e-01   0.0000000e+00
   3.4000000e-01   0.0000000e+00
   3.4099900e-01   0.0000000e+00
   3.4100000e-01   0.0000000e+00
   3.4199900e-01   0.0000000e+00
   3.4200000e-01   0.0000000e+00
   3.4299900e-01   0.0000000e+00
   3.4300000e-01   0.0000000e+00
   3.4399900e-01   0.0000000e+00
   3.4400000e-01   0.0000000e+00
   3.4499900e-01   0.0000000e+00
   3.4500000e-01   0.0000000e+00
   3.4599900e-01   0.0000000e+00
   3.4600000e-01   0.0000000e+00
   3.4699900e-01   0.0000000e+00
   3.4700000e-01   0.0000000e+00
   3.4799900e-01   0.0000000e+00
   3.4800000e-01   0.0000000e+00
   3.4899900e-01   0.0000000e+00
   3.4900000e-01   0.0000000e+00
   3.4999900e-01   0.0000000e+00
   3.5000000e-01   0.0000000e+00
   3.5099900e-01   0.0000000e+00
   3.5100000e-01   0.0000000e+00
   3.5199900e-01   0.0000000e+00
   3.5200000e-01   1.0000000e+00
   3.5299900e-01   1.0000000e+00
   3.5300000e-01   1.0000000e+00
   3.5399900e-01   1.0000000e+00
   3.5400000e-01   1.0000000e+00
   3.5499900e-01   1.0000000e+00
   3.5500000e-01   1.0000000e+00
   3.5599900e-01   1.0000000e+00
   3.5600000e-01   1.0000000e+00
   3.5699900e-01   1.0000000e+00
   3.5700000e-01   1.0000000e+00
   3.5799900e-01   1.0000000e+00
   3.5800000e-01   1.0000000e+00
   3.5899900e-01   1.0000000e+00
   3.5900000e-01   1.0000000e+00
   3.5999900e-01   1.0000000e+00
   3.6000000e-01   1.0000000e+00
   3.6099900e-01   1.0000000e+00
   3.6100000e-01   1.0000000e+00
   3.6199900e-01   1.0000000e+00
   3.6200000e-01   1.0000000e+00
   3.6299900e-01   1.0000000e+00
   3.6300000e-01   1.0000000e+00
   3.6399900e-01   1.0000000e+00
   3.6400000e-01   1.0000000e+00
   3.6499900e-01   1.0000000e+00
   3.6500000e-01   1.0000000e+00
   3.6599900e-01   1.0000000e+00
   3.6600000e-01   1.0000000e+00
   3.6699900e-01   1.0000000e+00
   3.6700000e-01   1.0000000e+00
   3.6799900e-01   1.0000000e+00
   3.6800000e-01   1.0000000e+00
   3.6899900e-01   1.0000000e+00
   3.6900000e-01   1.0000000e+00
   3.6999900e-01   1.0000000e+00
   3.7000000e-01   1.0000000e+00
   3.7099900e-01   1.0000000e+00
   3.7100000e-01   1.0000000e+00
   3.7199900e-01   1.0000000e+00
   3.7200000e-01   1.0000000e+00
   3.7299900e-01   1.0000000e+00
   3.7300000e-01   1.0000000e+00
   3.7399900e-01   1.0000000e+00
   3.7400000e-01   1.0000000e+00
   3.7499900e-01   1.0000000e+00
   3.7500000e-01   1.0000000e+00
   3.7599900e-01   1.0000000e+00
   3.7600000e-01   1.0000000e+00
   3.7699900e-01   1.0000000e+00
   3.7700000e-01   1.0000000e+00
   3.7799900e-01   1.0000000e+00
   3.7800000e-01   1.0000000e+00
   3.7899900e-01   1.0000000e+00
   3.7900000e-01   1.0000000e+00
   3.7999900e-01   1.0000000e+00
   3.8000000e-01   1.0000000e+00
   3.8099900e-01   1.0000000e+00
   3.8100000e-01   1.0000000e+00
   3.8199900e-01   1.0000000e+00
   3.8200000e-01   1.0000000e+00
   3.8299900e-01   1.0000000e+00
   3.8300000e-01   1.0000000e+00
   3.8399900e-01   1.0000000e+00
   3.8400000e-01   0.0000000e+00
   3.8499900e-01   0.0000000e+00
   3.8500000e-01   0.0000000e+00
   3.8599900e-01   0.0000000e+00
   3.8600000e-01   0.0000000e+00
   3.8699900e-01   0.0000000e+00
   3.8700000e-01   0.0000000e+00
   3.8799900e-01   0.0000000e+00
   3.8800000e-01   0.0000000e+00
   3.8899900e-01   0.0000000e+00
   3.8900000e-01   0.0000000e+00
   3.8999900e-01   0.0000000e+00
   3.9000000e-01   0.0000000e+00
   3.9099900e-01   0.0000000e+00
   3.9100000e-01   0.0000000e+00
   3.9199900e-01   0.0000000e+00
   3.9200000e-01   0.0000000e+00
   3.9299900e-01   0.0000000e+00
   3.9300000e-01   0.0000000e+00
   3.9399900e-01   0.0000000e+00
   3.9400000e-01   0.0000000e+00
   3.9499900e-01   0.0000000e+00
   3.9500000e-01   0.0000000e+00
   3.9599900e-01   0.0000000e+00
   3.9600000e-01   0.0000000e+00
   3.9699900e-01   0.0000000e+00
   3.9700000e-01   0.0000000e+00
   3.9799900e-01   0.0000000e+00
   3.9800000e-01   0.0000000e+00
   3.9899900e-01   0.0000000e+00
   3.9900000e-01   0.0000000e+00
   3.9999900e-01   0.0000000e+00
   4.0000000e-01   0.0000000e+00
   4.0099900e-01   0.0000000e+00
   4.0100000e-01   0.0000000e+00
   4.0199900e-01   0.0000000e+00
   4.0200000e-01   0.0000000e+00
   4.0299900e-01   0.0000000e+00
   4.0300000e-01   0.0000000e+00
   4.0399900e-01   0.0000000e+00
   4.0400000e-01   0.0000000e+00
   4.0499900e-01   0.0000000e+00
   4.0500000e-01   0.0000000e+00
   4.0599900e-01   0.0000000e+00
   4.0600000e-01   0.0000000e+00
   4.0699900e-01   0.0000000e+00
   4.0700000e-01   0.0000000e+00
   4.0799900e-01   0.0000000e+00
   4.0800000e-01   0.0000000e+00
   4.0899900e-01   0.0000000e+00
   4.0900000e-01   0.0000000e+00
   4.0999900e-01   0.0000000e+00
   4.1000000e-01   0.0000000e+00
   4.1099900e-01   0.0000000e+00
   4.1100000e-01   0.0000000e+00
   4.1199900e-01   0.0000000e+00
   4.1200000e-01   0.0000000e+00
   4.1299900e-01   0.0000000e+00
   4.1300000e-01   0.0000000e+00
   4.1399900e-01   0.0000000e+00
   4.1400000e-01   0.0000000e+00
   4.1499900e-01   0.0000000e+00
   4.1500000e-01   0.0000000e+00
   4.1599900e-01   0.0000000e+00
   4.1600000e-01   1.0000000e+00
   4.1699900e-01   1.0000000e+00
   4.1700000e-01   1.0000000e+00
   4.1799900e-01   1.0000000e+00
   4.1800000e-01   1.0000000e+00
   4.1899900e-01   1.0000000e+00
   4.1900000e-01   1.0000000e+00
   4.1999900e-01   1.0000000e+00
   4.2000000e-01   1.0000000e+00
   4.2099900e-01   1.0000000e+00
   4.2100000e-01   1.0000000e+00
   4.2199900e-01   1.0000000e+00
   4.2200000e-01   1.0000000e+00
   4.2299900e-01   1.0000000e+00
   4.2300000e-01   1.0000000e+00
   4.2399900e-01   1.0000000e+00
   4.2400000e-01   1.0000000e+00
   4.2499900e-01   1.0000000e+00
   4.2500000e-01   1.0000000e+00
   4.2599900e-01   1.0000000e+00
   4.2600000e-01   1.0000000e+00
   4.2699900e-01   1.0000000e+00
   4.2700000e-01   1.0000000e+00
   4.2799900e-01   1.0000000e+00
   4.2800000e-01   1.0000000e+00
   4.2899900e-01   1.0000000e+00
   4.2900000e-01   1.0000000e+00
   4.2999900e-01   1.0000000e+00
   4.3000000e-01   1.0000000e+00
   4.3099900e-01   1.0000000e+00
   4.3100000e-01   1.0000000e+00
   4.3199900e-01   1.0000000e+00
   4.3200000e-01   1.0000000e+00
   4.3299900e-01   1.0000000e+00
   4.3300000e-01   1.0000000e+00
   4.3399900e-01   1.0000000e+00
   4.3400000e-01   1.0000000e+00
   4.3499900e-01   1.0000000e+00
   4.3500000e-01   1.0000000e+00
   4.3599900e-01   1.0000000e+00
   4.3600000e-01   1.0000000e+00
   4.3699900e-01   1.0000000e+00
   4.3700000e-01   1.0000000e+00
   4.3799900e-01   1.0000000e+00
   4.3800000e-01   1.0000000e+00
   4.3899900e-01   1.0000000e+00
   4.3900000e-01   1.0000000e+00
   4.3999900e-01   1.0000000e+00
   4.4000000e-01   1.0000000e+00
   4.4099900e-01   1.0000000e+00
   4.4100000e-01   1.0000000e+00
   4.4199900e-01   1.0000000e+00
   4.4200000e-01   1.0000000e+00
   4.4299900e-01   1.0000000e+00
   4.4300000e-01   1.0000000e+00
   4.4399900e-01   1.0000000e+00
   4.4400000e-01   1.0000000e+00
   4.4499900e-01   1.0000000e+00
   4.4500000e-01   1.0000000e+00
   4.4599900e-01   1.0000000e+00
   4.4600000e-01   1.0000000e+00
   4.4699900e-01   1.0000000e+00
   4.4700000e-01   1.0000000e+00
   4.4799900e-01   1.0000000e+00
   4.4800000e-01   0.0000000e+00
   4.4899900e-01   0.0000000e+00
   4.4900000e-01   0.0000000e+00
   4.4999900e-01   0.0000000e+00
   4.5000000e-01   0.0000000e+00
   4.5099900e-01   0.0000000e+00
   4.5100000e-01   0.0000000e+00
   4.5199900e-01   0.0000000e+00
   4.5200000e-01   0.0000000e+00
   4.5299900e-01   0.0000000e+00
   4.5300000e-01   0.0000000e+00
   4.5399900e-01   0.0000000e+00
   4.5400000e-01   0.0000000e+00
   4.5499900e-01   0.0000000e+00
   4.5500000e-01   0.0000000e+00
   4.5599900e-01   0.0000000e+00
   4.5600000e-01   0.0000000e+00
   4.5699900e-01   0.0000000e+00
   4.5700000e-01   0.0000000e+00
   4.5799900e-01   0.0000000e+00
   4.5800000e-01   0.0000000e+00
   4.5899900e-01   0.0000000e+00
   4.5900000e-01   0.0000000e+00
   4.5999900e-01   0.0000000e+00
   4.6000000e-01   0.0000000e+00
   4.6099900e-01   0.0000000e+00
   4.6100000e-01   0.0000000e+00
   4.6199900e-01   0.0000000e+00
   4.6200000e-01   0.0000000e+00
   4.6299900e-01   0.0000000e+00
   4.6300000e-01   0.0000000e+00
   4.6399900e-01   0.0000000e+00
   4.6400000e-01   0.0000000e+00
   4.6499900e-01   0.0000000e+00
   4.6500000e-01   0.0000000e+00
   4.6599900e-01   0.0000000e+00
   4.6600000e-01   0.0000000e+00
   4.6699900e-01   0.0000000e+00
   4.6700000e-01   0.0000000e+00
   4.6799900e-01   0.0000000e+00
   4.6800000e-01   0.0000000e+00
   4.6899900e-01   0.0000000e+00
   4.6900000e-01   0.0000000e+00
   4.6999900e-01   0.0000000e+00
   4.7000000e-01   0.0000000e+00
   4.7099900e-01   0.0000000e+00
   4.7100000e-01   0.0000000e+00
   4.7199900e-01   0.0000000e+00
   4.7200000e-01   0.0000000e+00
   4.7299900e-01   0.0000000e+00
   4.7300000e-01   0.0000000e+00
   4.7399900e-01   0.0000000e+00
   4.7400000e-01   0.0000000e+00
   4.7499900e-01   0.0000000e+00
   4.7500000e-01   0.0000000e+00
   4.7599900e-01   0.0000000e+00
   4.7600000e-01   0.0000000e+00
   4.7699900e-01   0.0000000e+00
   4.7700000e-01   0.0000000e+00
   4.7799900e-01   0.0000000e+00
   4.7800000e-01   0.0000000e+00
   4.7899900e-01   0.0000000e+00
   4.7900000e-01   0.0000000e+00
   4.7999900e-01   0.0000000e+00
   4.8000000e-01   1.0000000e+00
   4.8099900e-01   1.0000000e+00
   4.8100000e-01   1.0000000e+00
   4.8199900e-01   1.0000000e+00
   4.8200000e-01   1.0000000e+00
   4.8299900e-01   1.0000000e+00
   4.8300000e-01   1.0000000e+00
   4.8399900e-01   1.0000000e+00
   4.8400000e-01   1.0000000e+00
   4.8499900e-01   1.0000000e+00
   4.8500000e-01   1.0000000e+00
   4.8599900e-01   1.0000000e+00
   4.8600000e-01   1.0000000e+00
   4.8699900e-01   1.0000000e+00
   4.8700000e-01   1.0000000e+00
   4.8799900e-01   1.0000000e+00
   4.8800000e-01   1.0000000e+00
   4.8899900e-01   1.0000000e+00
   4.8900000e-01   1.0000000e+00
   4.8999900e-01   1.0000000e+00
   4.9000000e-01   1.0000000e+00
   4.9099900e-01   1.0000000e+00
   4.9100000e-01   1.0000000e+00
   4.9199900e-01   1.0000000e+00
   4.9200000e-01   1.0000000e+00
   4.9299900e-01   1.0000000e+00
   4.9300000e-01   1.0000000e+00
   4.9399900e-01   1.0000000e+00
   4.9400000e-01   1.0000000e+00
   4.9499900e-01   1.0000000e+00
   4.9500000e-01   1.0000000e+00
   4.9599900e-01   1.0000000e+00
   4.9600000e-01   1.0000000e+00
   4.9699900e-01   1.0000000e+00
   4.9700000e-01   1.0000000e+00
   4.9799900e-01   1.0000000e+00
   4.9800000e-01   1.0000000e+00
   4.9899900e-01   1.0000000e+00
   4.9900000e-01   1.0000000e+00
   4.9999900e-01   1.0000000e+00
   5.0000000e-01   1.0000000e+00
   5.0099900e-01   1.0000000e+00
   5.0100000e-01   1.0000000e+00
   5.0199900e-01   1.0000000e+00
   5.0200000e-01   1.0000000e+00
   5.0299900e-01   1.0000000e+00
   5.0300000e-01   1.0000000e+00
   5.0399900e-01   1.0000000e+00
   5.0400000e-01   1.0000000e+00
   5.0499900e-01   1.0000000e+00
   5.0500000e-01   1.0000000e+00
   5.0599900e-01   1.0000000e+00
   5.0600000e-01   1.0000000e+00
   5.0699900e-01   1.0000000e+00
   5.0700000e-01   1.0000000e+00
   5.0799900e-01   1.0000000e+00
   5.0800000e-01   1.0000000e+00
   5.0899900e-01   1.0000000e+00
   5.0900000e-01   1.0000000e+00
   5.0999900e-01   1.0000000e+00
   5.1000000e-01   1.0000000e+00
   5.1099900e-01   1.0000000e+00
   5.1100000e-01   1.0000000e+00
   5.1200000e-01   0.0000000e+00
   5.1299900e-01   0.0000000e+00
   5.1300000e-01   0.0000000e+00
   5.1399900e-01   0.0000000e+00
   5.1400000e-01   0.0000000e+00
   5.1499900e-01   0.0000000e+00
   5.1500000e-01   0.0000000e+00
   5.1599900e-01   0.0000000e+00
   5.1600000e-01   0.0000000e+00
   5.1699900e-01   0.0000000e+00
   5.1700000e-01   0.0000000e+00
   5.1799900e-01   0.0000000e+00
   5.1800000e-01   0.0000000e+00
   5.1899900e-01   0.0000000e+00
   5.1900000e-01   0.0000000e+00
   5.1999900e-01   0.0000000e+00
   5.2000000e-01   0.0000000e+00
   5.2099900e-01   0.0000000e+00
   5.2100000e-01   0.0000000e+00
   5.2199900e-01   0.0000000e+00
   5.2200000e-01   0.0000000e+00
   5.2299900e-01   0.0000000e+00
   5.2300000e-01   0.0000000e+00
   5.2399900e-01   0.0000000e+00
   5.2400000e-01   0.0000000e+00
   5.2499900e-01   0.0000000e+00
   5.2500000e-01   0.0000000e+00
   5.2599900e-01   0.0000000e+00
   5.2600000e-01   0.0000000e+00
   5.2699900e-01   0.0000000e+00
   5.2700000e-01   0.0000000e+00
   5.2799900e-01   0.0000000e+00
   5.2800000e-01   0.0000000e+00
   5.2899900e-01   0.0000000e+00
   5.2900000e-01   0.0000000e+00
   5.2999900e-01   0.0000000e+00
   5.3000000e-01   0.0000000e+00
   5.3099900e-01   0.0000000e+00
   5.3100000e-01   0.0000000e+00
   5.3199900e-01   0.0000000e+00
   5.3200000e-01   0.0000000e+00
   5.3299900e-01   0.0000000e+00
   5.3300000e-01   0.0000000e+00
   5.3399900e-01   0.0000000e+00
   5.3400000e-01   0.0000000e+00
   5.3499900e-01   0.0000000e+00
   5.3500000e-01   0.0000000e+00
   5.3599900e-01   0.0000000e+00
   5.3600000e-01   0.0000000e+00
   5.3699900e-01   0.0000000e+00
   5.3700000e-01   0.0000000e+00
   5.3799900e-01   0.0000000e+00
   5.3800000e-01   0.0000000e+00
   5.3899900e-01   0.0000000e+00
   5.3900000e-01   0.0000000e+00
   5.3999900e-01   0.0000000e+00
   5.4000000e-01   0.0000000e+00
   5.4099900e-01   0.0000000e+00
   5.4100000e-01   0.0000000e+00
   5.4199900e-01   0.0000000e+00
   5.4200000e-01   0.0000000e+00
   5.4299900e-01   0.0000000e+00
   5.4300000e-01   0.0000000e+00
   5.4399900e-01   0.0000000e+00
   5.4400000e-01   1.0000000e+00
   5.4499900e-01   1.0000000e+00
   5.4500000e-01   1.0000000e+00
   5.4599900e-01   1.0000000e+00
   5.4600000e-01   1.0000000e+00
   5.4699900e-01   1.0000000e+00
   5.4700000e-01   1.0000000e+00
   5.4799900e-01   1.0000000e+00
   5.4800000e-01   1.0000000e+00
   5.4899900e-01   1.0000000e+00
   5.4900000e-01   1.0000000e+00
   5.4999900e-01   1.0000000e+00
   5.5000000e-01   1.0000000e+00
   5.5099900e-01   1.0000000e+00
   5.5100000e-01   1.0000000e+00
   5.5199900e-01   1.0000000e+00
   5.5200000e-01   1.0000000e+00
   5.5299900e-01   1.0000000e+00
   5.5300000e-01   1.0000000e+00
   5.5399900e-01   1.0000000e+00
   5.5400000e-01   1.0000000e+00
   5.5499900e-01   1.0000000e+00
   5.5500000e-01   1.0000000e+00
   5.5599900e-01   1.0000000e+00
   5.5600000e-01   1.0000000e+00
   5.5699900e-01   1.0000000e+00
   5.5700000e-01   1.0000000e+00
   5.5799900e-01   1.0000000e+00
   5.5800000e-01   1.0000000e+00
   5.5899900e-01   1.0000000e+00
   5.5900000e-01   1.0000000e+00
   5.5999900e-01   1.0000000e+00
   5.6000000e-01   1.0000000e+00
   5.6099900e-01   1.0000000e+00
   5.6100000e-01   1.0000000e+00
   5.6199900e-01   1.0000000e+00
   5.6200000e-01   1.0000000e+00
   5.6299900e-01   1.0000000e+00
   5.6300000e-01   1.0000000e+00
   5.6399900e-01   1.0000000e+00
   5.6400000e-01   1.0000000e+00
   5.6499900e-01   1.0000000e+00
   5.6500000e-01   1.0000000e+00
   5.6599900e-01   1.0000000e+00
   5.6600000e-01   1.0000000e+00
   5.6699900e-01   1.0000000e+00
   5.6700000e-01   1.0000000e+00
   5.6799900e-01   1.0000000e+00
   5.6800000e-01   1.0000000e+00
   5.6899900e-01   1.0000000e+00
   5.6900000e-01   1.0000000e+00
   5.6999900e-01   1.0000000e+00
   5.7000000e-01   1.0000000e+00
   5.7099900e-01   1.0000000e+00
   5.7100000e-01   1.0000000e+00
   5.7199900e-01   1.0000000e+00
   5.7200000e-01   1.0000000e+00
   5.7299900e-01   1.0000000e+00
   5.7300000e-01   1.0000000e+00
   5.7399900e-01   1.0000000e+00
   5.7400000e-01   1.0000000e+00
   5.7499900e-01   1.0000000e+00
   5.7500000e-01   1.0000000e+00
   5.7599900e-01   1.0000000e+00
   5.7600000e-01   0.0000000e+00
   5.7699900e-01   0.0000000e+00
   5.7700000e-01   0.0000000e+00
   5.7799900e-01   0.0000000e+00
   5.7800000e-01   0.0000000e+00
   5.7899900e-01   0.0000000e+00
   5.7900000e-01   0.0000000e+00
   5.7999900e-01   0.0000000e+00
   5.8000000e-01   0.0000000e+00
   5.8099900e-01   0.0000000e+00
   5.8100000e-01   0.0000000e+00
   5.8199900e-01   0.0000000e+00
   5.8200000e-01   0.0000000e+00
   5.8299900e-01   0.0000000e+00
   5.8300000e-01   0.0000000e+00
   5.8399900e-01   0.0000000e+00
   5.8400000e-01   0.0000000e+00
   5.8499900e-01   0.0000000e+00
   5.8500000e-01   0.0000000e+00
   5.8599900e-01   0.0000000e+00
   5.8600000e-01   0.0000000e+00
   5.8699900e-01   0.0000000e+00
   5.8700000e-01   0.0000000e+00
   5.8799900e-01   0.0000000e+00
   5.8800000e-01   0.0000000e+00
   5.8899900e-01   0.0000000e+00
   5.8900000e-01   0.0000000e+00
   5.8999900e-01   0.0000000e+00
   5.9000000e-01   0.0000000e+00
   5.9099900e-01   0.0000000e+00
   5.9100000e-01   0.0000000e+00
   5.9199900e-01   0.0000000e+00
   5.9200000e-01   0.0000000e+00
   5.9299900e-01   0.0000000e+00
   5.9300000e-01   0.0000000e+00
   5.9399900e-01   0.0000000e+00
   5.9400000e-01   0.0000000e+00
   5.9499900e-01   0.0000000e+00
   5.9500000e-01   0.0000000e+00
   5.9599900e-01   0.0000000e+00
   5.9600000e-01   0.0000000e+00
   5.9699900e-01   0.0000000e+00
   5.9700000e-01   0.0000000e+00
   5.9799900e-01   0.0000000e+00
   5.9800000e-01   0.0000000e+00
   5.9899900e-01   0.0000000e+00
   5.9900000e-01   0.0000000e+00
   5.9999900e-01   0.0000000e+00
   6.0000000e-01   0.0000000e+00
   6.0099900e-01   0.0000000e+00
   6.0100000e-01   0.0000000e+00
   6.0199900e-01   0.0000000e+00
   6.0200000e-01   0.0000000e+00
   6.0299900e-01   0.0000000e+00
   6.0300000e-01   0.0000000e+00
   6.0399900e-01   0.0000000e+00
   6.0400000e-01   0.0000000e+00
   6.0499900e-01   0.0000000e+00
   6.0500000e-01   0.0000000e+00
   6.0599900e-01   0.0000000e+00
   6.0600000e-01   0.0000000e+00
   6.0699900e-01   0.0000000e+00
   6.0700000e-01   0.0000000e+00
   6.0799900e-01   0.0000000e+00
   6.0800000e-01   1.0000000e+00
   6.0899900e-01   1.0000000e+00
   6.0900000e-01   1.0000000e+00
   6.0999900e-01   1.0000000e+00
   6.1000000e-01   1.0000000e+00
   6.1099900e-01   1.0000000e+00
   6.1100000e-01   1.0000000e+00
   6.1199900e-01   1.0000000e+00
   6.1200000e-01   1.0000000e+00
   6.1299900e-01   1.0000000e+00
   6.1300000e-01   1.0000000e+00
   6.1399900e-01   1.0000000e+00
   6.1400000e-01   1.0000000e+00
   6.1499900e-01   1.0000000e+00
   6.1500000e-01   1.0000000e+00
   6.1599900e-01   1.0000000e+00
   6.1600000e-01   1.0000000e+00
   6.1699900e-01   1.0000000e+00
   6.1700000e-01   1.0000000e+00
   6.1799900e-01   1.0000000e+00
   6.1800000e-01   1.0000000e+00
   6.1899900e-01   1.0000000e+00
   6.1900000e-01   1.0000000e+00
   6.1999900e-01   1.0000000e+00
   6.2000000e-01   1.0000000e+00
   6.2099900e-01   1.0000000e+00
   6.2100000e-01   1.0000000e+00
   6.2199900e-01   1.0000000e+00
   6.2200000e-01   1.0000000e+00
   6.2299900e-01   1.0000000e+00
   6.2300000e-01   1.0000000e+00
   6.2399900e-01   1.0000000e+00
   6.2400000e-01   1.0000000e+00
   6.2499900e-01   1.0000000e+00
   6.2500000e-01   1.0000000e+00
   6.2599900e-01   1.0000000e+00
   6.2600000e-01   1.0000000e+00
   6.2699900e-01   1.0000000e+00
   6.2700000e-01   1.0000000e+00
   6.2799900e-01   1.0000000e+00
   6.2800000e-01   1.0000000e+00
   6.2899900e-01   1.0000000e+00
   6.2900000e-01   1.0000000e+00
   6.2999900e-01   1.0000000e+00
   6.3000000e-01   1.0000000e+00
   6.3099900e-01   1.0000000e+00
   6.3100000e-01   1.0000000e+00
   6.3199900e-01   1.0000000e+00
   6.3200000e-01   1.0000000e+00
   6.3299900e-01   1.0000000e+00
   6.3300000e-01   1.0000000e+00
   6.3399900e-01   1.0000000e+00
   6.3400000e-01   1.0000000e+00
   6.3499900e-01   1.0000000e+00
   6.3500000e-01   1.0000000e+00
   6.3599900e-01   1.0000000e+00
   6.3600000e-01   1.0000000e+00
   6.3699900e-01   1.0000000e+00
   6.3700000e-01   1.0000000e+00
   6.3799900e-01   1.0000000e+00
   6.3800000e-01   1.0000000e+00
   6.3899900e-01   1.0000000e+00
   6.3900000e-01   1.0000000e+00
   6.3999900e-01   1.0000000e+00
   6.4000000e-01   0.0000000e+00
   6.4099900e-01   0.0000000e+00
   6.4100000e-01   0.0000000e+00
   6.4199900e-01   0.0000000e+00
   6.4200000e-01   0.0000000e+00
   6.4299900e-01   0.0000000e+00
   6.4300000e-01   0.0000000e+00
   6.4399900e-01   0.0000000e+00
   6.4400000e-01   0.0000000e+00
   6.4499900e-01   0.0000000e+00
   6.4500000e-01   0.0000000e+00
   6.4599900e-01   0.0000000e+00
   6.4600000e-01   0.0000000e+00
   6.4699900e-01   0.0000000e+00
   6.4700000e-01   0.0000000e+00
   6.4799900e-01   0.0000000e+00
   6.4800000e-01   0.0000000e+00
   6.4899900e-01   0.0000000e+00
   6.4900000e-01   0.0000000e+00
   6.4999900e-01   0.0000000e+00
   6.5000000e-01   0.0000000e+00
   6.5099900e-01   0.0000000e+00
   6.5100000e-01   0.0000000e+00
   6.5199900e-01   0.0000000e+00
   6.5200000e-01   0.0000000e+00
   6.5299900e-01   0.0000000e+00
   6.5300000e-01   0.0000000e+00
   6.5399900e-01   0.0000000e+00
   6.5400000e-01   0.0000000e+00
   6.5499900e-01   0.0000000e+00
   6.5500000e-01   0.0000000e+00
   6.5599900e-01   0.0000000e+00
   6.5600000e-01   0.0000000e+00
   6.5699900e-01   0.0000000e+00
   6.5700000e-01   0.0000000e+00
   6.5799900e-01   0.0000000e+00
   6.5800000e-01   0.0000000e+00
   6.5899900e-01   0.0000000e+00
   6.5900000e-01   0.0000000e+00
   6.5999900e-01   0.0000000e+00
   6.6000000e-01   0.0000000e+00
   6.6099900e-01   0.0000000e+00
   6.6100000e-01   0.0000000e+00
   6.6199900e-01   0.0000000e+00
   6.6200000e-01   0.0000000e+00
   6.6299900e-01   0.0000000e+00
   6.6300000e-01   0.0000000e+00
   6.6399900e-01   0.0000000e+00
   6.6400000e-01   0.0000000e+00
   6.6499900e-01   0.0000000e+00
   6.6500000e-01   0.0000000e+00
   6.6599900e-01   0.0000000e+00
   6.6600000e-01   0.0000000e+00
   6.6699900e-01   0.0000000e+00
   6.6700000e-01   0.0000000e+00
   6.6799900e-01   0.0000000e+00
   6.6800000e-01   0.0000000e+00
   6.6899900e-01   0.0000000e+00
   6.6900000e-01   0.0000000e+00
   6.6999900e-01   0.0000000e+00
   6.7000000e-01   0.0000000e+00
   6.7099900e-01   0.0000000e+00
   6.7100000e-01   0.0000000e+00
   6.7199900e-01   0.0000000e+00
   6.7200000e-01   1.0000000e+00
   6.7299900e-01   1.0000000e+00
   6.7300000e-01   1.0000000e+00
   6.7399900e-01   1.0000000e+00
   6.7400000e-01   1.0000000e+00
   6.7499900e-01   1.0000000e+00
   6.7500000e-01   1.0000000e+00
   6.7599900e-01   1.0000000e+00
   6.7600000e-01   1.0000000e+00
   6.7699900e-01   1.0000000e+00
   6.7700000e-01   1.0000000e+00
   6.7799900e-01   1.0000000e+00
   6.7800000e-01   1.0000000e+00
   6.7899900e-01   1.0000000e+00
   6.7900000e-01   1.0000000e+00
   6.7999900e-01   1.0000000e+00
   6.8000000e-01   1.0000000e+00
   6.8099900e-01   1.0000000e+00
   6.8100000e-01   1.0000000e+00
   6.8199900e-01   1.0000000e+00
   6.8200000e-01   1.0000000e+00
   6.8299900e-01   1.0000000e+00
   6.8300000e-01   1.0000000e+00
   6.8399900e-01   1.0000000e+00
   6.8400000e-01   1.0000000e+00
   6.8499900e-01   1.0000000e+00
   6.8500000e-01   1.0000000e+00
   6.8599900e-01   1.0000000e+00
   6.8600000e-01   1.0000000e+00
   6.8699900e-01   1.0000000e+00
   6.8700000e-01   1.0000000e+00
   6.8799900e-01   1.0000000e+00
   6.8800000e-01   1.0000000e+00
   6.8899900e-01   1.0000000e+00
   6.8900000e-01   1.0000000e+00
   6.8999900e-01   1.0000000e+00
   6.9000000e-01   1.0000000e+00
   6.9099900e-01   1.0000000e+00
   6.9100000e-01   1.0000000e+00
   6.9199900e-01   1.0000000e+00
   6.9200000e-01   1.0000000e+00
   6.9299900e-01   1.0000000e+00
   6.9300000e-01   1.0000000e+00
   6.9399900e-01   1.0000000e+00
   6.9400000e-01   1.0000000e+00
   6.9499900e-01   1.0000000e+00
   6.9500000e-01   1.0000000e+00
   6.9599900e-01   1.0000000e+00
   6.9600000e-01   1.0000000e+00
   6.9699900e-01   1.0000000e+00
   6.9700000e-01   1.0000000e+00
   6.9799900e-01   1.0000000e+00
   6.9800000e-01   1.0000000e+00
   6.9899900e-01   1.0000000e+00
   6.9900000e-01   1.0000000e+00
   6.9999900e-01   1.0000000e+00
   7.0000000e-01   1.0000000e+00
   7.0099900e-01   1.0000000e+00
   7.0100000e-01   1.0000000e+00
   7.0199900e-01   1.0000000e+00
   7.0200000e-01   1.0000000e+00
   7.0299900e-01   1.0000000e+00
   7.0300000e-01   1.0000000e+00
   7.0399900e-01   1.0000000e+00
   7.0400000e-01   0.0000000e+00
   7.0499900e-01   0.0000000e+00
   7.0500000e-01   0.0000000e+00
   7.0599900e-01   0.0000000e+00
   7.0600000e-01   0.0000000e+00
   7.0699900e-01   0.0000000e+00
   7.0700000e-01   0.0000000e+00
   7.0799900e-01   0.0000000e+00
   7.0800000e-01   0.0000000e+00
   7.0899900e-01   0.0000000e+00
   7.0900000e-01   0.0000000e+00
   7.0999900e-01   0.0000000e+00
   7.1000000e-01   0.0000000e+00
   7.1099900e-01   0.0000000e+00
   7.1100000e-01   0.0000000e+00
   7.1199900e-01   0.0000000e+00
   7.1200000e-01   0.0000000e+00
   7.1299900e-01   0.0000000e+00
   7.1300000e-01   0.0000000e+00
   7.1399900e-01   0.0000000e+00
   7.1400000e-01   0.0000000e+00
   7.1499900e-01   0.0000000e+00
   7.1500000e-01   0.0000000e+00
   7.1599900e-01   0.0000000e+00
   7.1600000e-01   0.0000000e+00
   7.1699900e-01   0.0000000e+00
   7.1700000e-01   0.0000000e+00
   7.1799900e-01   0.0000000e+00
   7.1800000e-01   0.0000000e+00
   7.1899900e-01   0.0000000e+00
   7.1900000e-01   0.0000000e+00
   7.1999900e-01   0.0000000e+00
   7.2000000e-01   0.0000000e+00
   7.2099900e-01   0.0000000e+00
   7.2100000e-01   0.0000000e+00
   7.2199900e-01   0.0000000e+00
   7.2200000e-01   0.0000000e+00
   7.2299900e-01   0.0000000e+00
   7.2300000e-01   0.0000000e+00
   7.2399900e-01   0.0000000e+00
   7.2400000e-01   0.0000000e+00
   7.2499900e-01   0.0000000e+00
   7.2500000e-01   0.0000000e+00
   7.2599900e-01   0.0000000e+00
   7.2600000e-01   0.0000000e+00
   7.2699900e-01   0.0000000e+00
   7.2700000e-01   0.0000000e+00
   7.2799900e-01   0.0000000e+00
   7.2800000e-01   0.0000000e+00
   7.2899900e-01   0.0000000e+00
   7.2900000e-01   0.0000000e+00
   7.2999900e-01   0.0000000e+00
   7.3000000e-01   0.0000000e+00
   7.3099900e-01   0.0000000e+00
   7.3100000e-01   0.0000000e+00
   7.3199900e-01   0.0000000e+00
   7.3200000e-01   0.0000000e+00
   7.3299900e-01   0.0000000e+00
   7.3300000e-01   0.0000000e+00
   7.3399900e-01   0.0000000e+00
   7.3400000e-01   0.0000000e+00
   7.3499900e-01   0.0000000e+00
   7.3500000e-01   0.0000000e+00
   7.3599900e-01   0.0000000e+00
   7.3600000e-01   1.0000000e+00
   7.3699900e-01   1.0000000e+00
   7.3700000e-01   1.0000000e+00
   7.3799900e-01   1.0000000e+00
   7.3800000e-01   1.0000000e+00
   7.3899900e-01   1.0000000e+00
   7.3900000e-01   1.0000000e+00
   7.3999900e-01   1.0000000e+00
   7.4000000e-01   1.0000000e+00
   7.4099900e-01   1.0000000e+00
   7.4100000e-01   1.0000000e+00
   7.4199900e-01   1.0000000e+00
   7.4200000e-01   1.0000000e+00
   7.4299900e-01   1.0000000e+00
   7.4300000e-01   1.0000000e+00
   7.4399900e-01   1.0000000e+00
   7.4400000e-01   1.0000000e+00
   7.4499900e-01   1.0000000e+00
   7.4500000e-01   1.0000000e+00
   7.4599900e-01   1.0000000e+00
   7.4600000e-01   1.0000000e+00
   7.4699900e-01   1.0000000e+00
   7.4700000e-01   1.0000000e+00
   7.4799900e-01   1.0000000e+00
   7.4800000e-01   1.0000000e+00
   7.4899900e-01   1.0000000e+00
   7.4900000e-01   1.0000000e+00
   7.4999900e-01   1.0000000e+00
   7.5000000e-01   1.0000000e+00
   7.5099900e-01   1.0000000e+00
   7.5100000e-01   1.0000000e+00
   7.5199900e-01   1.0000000e+00
   7.5200000e-01   1.0000000e+00
   7.5299900e-01   1.0000000e+00
   7.5300000e-01   1.0000000e+00
   7.5399900e-01   1.0000000e+00
   7.5400000e-01   1.0000000e+00
   7.5499900e-01   1.0000000e+00
   7.5500000e-01   1.0000000e+00
   7.5599900e-01   1.0000000e+00
   7.5600000e-01   1.0000000e+00
   7.5699900e-01   1.0000000e+00
   7.5700000e-01   1.0000000e+00
   7.5799900e-01   1.0000000e+00
   7.5800000e-01   1.0000000e+00
   7.5899900e-01   1.0000000e+00
   7.5900000e-01   1.0000000e+00
   7.5999900e-01   1.0000000e+00
   7.6000000e-01   1.0000000e+00
   7.6099900e-01   1.0000000e+00
   7.6100000e-01   1.0000000e+00
   7.6199900e-01   1.0000000e+00
   7.6200000e-01   1.0000000e+00
   7.6299900e-01   1.0000000e+00
   7.6300000e-01   1.0000000e+00
   7.6399900e-01   1.0000000e+00
   7.6400000e-01   1.0000000e+00
   7.6499900e-01   1.0000000e+00
   7.6500000e-01   1.0000000e+00
